# Mediçao de tempo de algoritmos de busca (WORST CASE): 
#Tamanho       LSearch        BSearch        BSearch_Rec    LBound         UBound         TSearch        ISearch        ESearch        
0              131.85         121.02         135.18         125.13         122.69         119.69         130.99         122.63         
1000000        172869.95      128.35         134.21         127.22         135.04         124.50         124.36         122.55         
2000000        320559.90      128.35         133.37         131.49         122.21         145.51         116.28         125.76         
3000000        409772.23      139.65         134.49         127.23         125.07         128.41         121.58         120.87         
4000000        562958.11      129.74         133.23         150.76         124.30         137.91         136.57         117.81         
5000000        745910.25      132.19         126.81         130.09         136.51         137.41         124.36         121.57         
6000000        973743.27      137.35         129.11         123.81         124.16         130.44         120.81         137.63         
7000000        1314416.98     130.23         126.88         114.38         120.11         124.02         116.34         117.60         
8000000        1484185.65     119.90         129.68         111.25         121.02         119.20         122.97         122.13         
9000000        1466657.13     119.34         130.31         130.85         131.55         133.93         126.18         118.02         
10000000       1912634.68     138.74         132.67         121.29         121.23         134.13         124.58         125.13         
11000000       1983591.27     125.06         188.71         119.41         121.91         119.97         127.29         114.04         
12000000       1528674.29     124.86         142.38         116.97         128.62         118.78         121.57         118.09         
13000000       2466395.04     120.81         137.83         118.01         126.80         114.74         131.22         124.72         
14000000       2355524.53     115.71         127.23         119.34         128.84         128.41         125.27         127.23         
15000000       1406913.25     121.65         143.08         120.11         120.18         118.79         119.96         112.57         
16000000       3079624.04     121.64         133.85         121.86         116.76         123.25         129.89         113.90         
17000000       2045912.81     122.20         130.79         128.42         125.83         123.39         125.00         112.22         
18000000       2547802.07     122.20         131.76         124.43         126.18         122.62         121.92         113.27         
19000000       2948376.36     131.90         128.62         125.13         124.78         116.90         125.69         114.39         
20000000       3275332.42     119.06         127.44         119.20         118.02         119.89         127.16         114.04         
21000000       3529999.39     116.62         131.84         118.01         126.74         114.53         122.20         114.87         
22000000       3088269.33     112.71         130.78         120.39         125.90         115.70         115.57         124.37         
23000000       4278069.73     116.83         130.23         123.53         124.02         114.53         123.94         135.82         
24000000       4677047.75     114.32         127.37         119.34         123.46         115.30         124.44         121.43         
25000000       4794528.89     115.51         128.63         201.76         132.95         113.97         121.22         112.92         
26000000       3817725.74     117.87         128.84         119.76         135.20         112.71         119.90         115.99         
27000000       5109786.17     125.90         130.51         125.49         121.51         124.58         116.90         122.13         
28000000       4547801.44     117.39         134.42         133.92         124.86         113.41         124.01         118.37         
29000000       5043128.34     118.51         135.81         127.85         123.04         123.67         120.88         115.92         
30000000       5380739.72     118.43         130.57         119.83         118.93         120.46         123.46         109.22         
31000000       5400046.86     117.46         132.05         121.16         126.11         132.81         118.22         106.92         
32000000       5667137.05     119.13         133.23         124.86         115.36         124.78         128.28         122.83         
33000000       4873986.43     125.69         126.04         122.69         119.62         125.20         123.04         112.09         
34000000       6271668.52     116.97         129.40         125.49         125.83         121.71         121.92         109.64         
35000000       6452049.88     115.22         129.88         125.06         121.91         121.65         123.60         107.34         
36000000       6375702.72     114.18         128.49         124.58         123.04         119.14         134.62         113.97         
37000000       6885868.82     123.53         137.69         136.09         124.79         120.53         121.37         110.48         
38000000       7277325.41     129.67         145.87         153.40         149.64         118.92         131.27         108.87         
39000000       7527213.87     118.79         141.67         120.25         131.69         129.95         133.37         115.51         
40000000       7634501.47     126.11         136.24         120.60         127.02         122.00         139.99         127.44         
41000000       7285018.16     118.50         134.20         132.68         124.08         120.11         125.83         109.29         
42000000       6682239.39     116.41         129.68         137.70         124.93         115.71         123.88         117.11         
43000000       6193311.86     123.66         126.54         132.95         122.13         132.67         127.92         116.48         
44000000       5654196.83     128.20         142.37         119.97         119.98         121.01         129.11         118.09         
45000000       7538651.39     126.81         140.21         123.33         126.88         118.23         132.47         119.27         
46000000       6370187.21     118.99         148.44         124.09         128.41         122.49         115.23         123.74         
47000000       7928977.74     199.81         140.42         121.29         124.09         119.34         109.22         126.25         
48000000       9012345.58     134.41         124.44         121.85         114.60         123.67         114.04         124.64         
49000000       9481412.27     133.02         128.76         124.99         117.03         123.25         109.15         132.68         
50000000       9496590.94     119.97         135.88         120.52         121.29         124.23         113.20         121.08         
51000000       9655642.52     115.86         132.67         118.09         124.71         116.49         112.43         130.51         
52000000       9135527.71     115.22         124.16         121.36         128.90         119.82         111.25         132.46         
53000000       8071865.55     115.16         119.27         112.44         123.19         117.94         123.32         120.11         
54000000       8675260.62     115.43         126.95         123.67         119.48         118.09         109.44         126.60         
55000000       8025623.54     118.36         119.55         123.81         122.20         119.49         108.32         116.90         
56000000       8623577.25     123.11         125.76         117.46         123.46         117.18         110.34         124.86         
57000000       11051403.92    114.80         131.77         121.16         118.99         124.58         117.60         116.97         
58000000       8867576.08     130.92         141.68         122.41         120.88         123.75         111.25         120.04         
59000000       4664299.34     125.20         132.60         118.58         122.27         125.83         109.99         120.39         
60000000       4803958.56     140.00         131.63         122.34         121.44         125.20         119.20         121.43         
61000000       8591886.62     125.55         177.40         128.06         123.95         121.93         127.65         122.00         
62000000       10236073.42    129.18         144.75         123.59         130.92         131.97         123.39         122.13         
63000000       12046589.85    115.64         141.74         122.76         124.93         132.95         123.46         123.81         
64000000       12101774.46    130.79         131.20         114.10         115.01         122.75         119.69         115.22         
65000000       11432853.80    117.11         129.04         128.69         123.46         118.50         121.78         128.91         
66000000       12234169.41    123.18         144.32         122.21         132.74         124.65         126.25         123.88         
67000000       11553186.77    121.37         138.32         126.74         119.21         116.83         117.95         123.46         
68000000       8714220.01     130.43         132.25         124.93         123.60         131.90         119.20         120.31         
69000000       12455723.88    124.51         126.74         137.63         121.16         118.16         122.20         127.99         
70000000       12604115.65    118.44         134.35         130.86         132.81         125.55         135.11         117.45         
71000000       12701810.60    119.41         134.21         130.37         122.14         127.01         118.36         119.14         
72000000       13168848.54    131.41         132.32         123.67         119.06         134.48         113.90         121.22         
73000000       13559513.13    130.65         176.01         143.35         124.22         137.84         123.66         133.50         
74000000       14097817.78    130.71         132.33         127.30         132.46         124.30         122.48         128.07         
75000000       14310655.31    142.16         128.48         124.50         126.18         135.39         121.09         121.79         
76000000       12785928.59    130.64         129.12         145.30         132.25         120.95         118.44         125.70         
77000000       14495172.82    128.49         133.92         116.76         119.48         115.58         118.23         133.51         
78000000       14246854.02    122.41         131.56         120.67         139.65         115.64         124.99         128.97         
79000000       14976052.89    118.57         125.34         121.44         121.93         123.11         118.01         114.88         
80000000       15210133.04    122.69         133.37         122.27         121.43         128.14         115.98         123.39         
81000000       13452602.37    123.04         138.18         144.53         118.99         113.83         115.71         132.54         
82000000       15073625.99    114.80         134.34         118.57         124.65         115.16         133.16         110.75         
83000000       13346989.65    118.09         131.90         119.14         123.88         116.49         116.49         116.97         
84000000       15546864.24    122.83         133.58         116.33         122.56         115.85         125.13         115.64         
85000000       14787337.31    120.67         133.03         118.79         117.53         115.93         120.88         113.69         
86000000       16010653.00    121.79         134.07         113.76         129.04         119.49         137.77         130.58         
87000000       15620054.85    118.99         130.29         114.17         120.95         127.23         123.46         114.67         
88000000       13758172.47    128.97         127.58         113.00         118.64         132.04         122.00         118.79         
89000000       16914482.20    116.34         143.49         113.55         120.18         127.09         118.30         197.99         
90000000       14950318.23    130.78         132.25         121.37         124.99         128.06         116.20         112.85         
91000000       15548249.11    128.42         132.81         125.76         122.00         123.74         118.72         116.90         
92000000       16881274.26    138.11         131.42         119.98         117.39         127.37         120.67         118.44         
93000000       15511793.37    127.58         136.80         134.00         124.71         119.06         120.53         131.00         
94000000       16809878.82    128.42         129.32         118.58         127.50         124.37         128.84         113.62         
95000000       17512422.09    133.10         127.29         122.61         119.76         121.78         117.60         110.34         
96000000       17778863.75    141.75         130.30         116.06         120.03         119.06         125.21         108.74         
97000000       16789945.77    128.34         136.44         120.25         126.67         119.97         115.01         121.36         
98000000       16900598.92    121.37         131.14         121.50         128.97         128.00         116.56         108.73         
99000000       16084153.23    123.11         129.88         123.81         128.42         123.25         122.34         109.15         
